@relation synthetic

@attribute x numeric
@attribute y numeric
@attribute z numeric

@data
1.5200000000000000e+01,5.7600000000000000e+01,5.8105234193847211e+01
-1.2500000000000000e+01,-2.5500000000000000e+01,-2.4139485729102837e+01
8.8000000000000000e+01,2.7600000000000000e+02,2.7451928374619284e+02
3.1000000000000000e+00,2.1300000000000000e+01,2.3029384756182937e+01
4.5600000000000000e+01,1.4880000000000000e+02,1.4929384756182938e+02
-2.0156247011400235e+01,-4.8468741034200704e+01,-4.6791589499179835e+01
9.9771641351134903e+01,3.1131492405340469e+02,3.1611286590985554e+02
1.9495622312452731e+01,7.0486866937358200e+01,7.4845753671658755e+01
2.3239051043882568e+01,8.1717153131647705e+01,7.9861118382043372e+01
3.0837168041462845e+00,2.1251150412438853e+01,1.9847376295445887e+01